[[ 1  1  1  1  1  1  1  1  1  1  1  1  1  1  1  1  1  1  1  1  1  1  1  1
   1  1  1  1  1  1  1  1  1  1  1  1  1  1  1  1  1  1  1  1  1  1  1  1
   1  1]
 [ 1  1  1  1  1  1  1  1  1  1  1  1  1  1  1  1  1  1  1  1  1  1  1  1
   1  1  1  1  1  1  1  1  1  1  1  1  1  1  1  1  1  1  1  1  1  1  1  1
   1  1]
 [ 1  1  1  1  1  1  1  1  1  1  1  1  1  1  1  1  1  1  1  1  1  1  1  1
   1  1  1  1  1  1  1  1  1  1  1  1  1  1  1  1  1  1  1  1  1  1  1  1
   1  1]
 [ 1  1  1  1  1  1  1  1  1  1  1  1  1  1  1  1  1  1  1  1  1  1  1  1
   1  1  1  1  1  1  1  1  1  1  1  1  1  1  1  1  1  1  1  1  1  1  1  1
   1  1]
 [ 1  1  1  1  1  1  1  1  1  1  1  1  1  1  1  1  1  1  1  1  1  1  1  1
   1  1  1  1  1  1  1  1  1  1  1  1  1  1  1  1  1  1  1  1  1  1  1  1
   1  1]
 [ 1  1  1  1  1  1  1  1  1  1  1  1  1  1  1  1  1  1  1  1  1  1  1  1
   1  1  1  1  1  1  1  1  1  1  1  1  1  1  1  1  1  1  1  1  1  1  1  1
   1  1]
 [ 1  1  1  1  1  1  1  1  1  1  1  1  1  1  1  1  1  1  1  1  1  1  1  1
   1  1  1  1  1  1  1  1  1  1  1  1  1  1  1  1  1  1  1  1  1  1  1  1
   1  1]
 [ 1  1  1  1  1  1  1  1  1  1  1  1  1  1  1  1  1  1  1  1  1  1  1  1
   1  1  1  1  1  1  1  1  1  1  1  1  1  1  1  1  1  1  1  1  1  1  1  1
   1  1]
 [ 1  1  1  1  1  1  1  1  1  1  1  1  1  1  1  1  1  1  1  1  1  1  1  1
   1  1  1  1  1  1  1  1  1  1  1  1  1  1  1  1  1  1  1  1  1  1  1  1
   1  1]
 [ 1  1  1  1  1  1  1  1  1  1  1  1  1  1  1  1  1  1  1  1  1  1  1  1
   1  1  1  1  1  1  1  1  1  1  1  1  1  1  1  1  1  1  1  1  1  1  1  1
   1  1]
 [ 1  1  1  1  1  1  1  1  1  1  1  2  1  1  1  1  1  1  1  1  1  1  1  1
   1  1  1  1  1  1  1  1  1  1  1  1  1  1  2  1  2  1  1  1  1  1  1  1
   1  1]
 [ 2  1  1  1  1  1  2  1  1  1  2  1  2  2  1  1  2  1  1  1  1  1  2  2
   1  1  1  2  2  2  1  2  2  2  2  2  2  2  2  2  2  1  2  2  2  2  2  2
   2  2]
 [ 2  2  2  2  2  2  2  2  2  2  1  2  2  2  2  2  2  2  2  2  2  2  2  2
   2  2  2  2  2  2  2  2  2  2  2  2  2  2  2  2  2  2  2  2  2  2  2  2
   2  2]
 [ 2  2  2  2  2  2  2  2  2  2  2  2  2  2  2  2  2  2  2  2  2  2  2  2
   2  2  2  2  2  2  2  2  2  2  2  2  2  2  2  2  2  2  2  2  2  1  2  2
   2  2]
 [ 2  2  2  2  2  2  1  2  2  2  2  2  2  2  2  2  2  2  2  2  2  2  2  2
   2  2  2  2  2  2  2  2  2  1  2  1  2  1  2  2  2  2  2  2  2  2  2  2
   2  1]
 [ 2  2  2  2  2  2  2  2  2  2  2  2  2  2  2  2  2  2  2  2  2  2  2  2
   2  2  2  2  2  2  2  2  2  2  2  2  2  2  2  2  2  1  1  2  2  2  2  2
   2  2]
 [ 2  2  2  2  2  2  2  2  2  2  2  1  2  2  2  2  2  2  2  2  2  2  2  2
   2  2  2  2  2  2  2  2  2  1  2  2  2  2  2  2  1  1  2  2  2  2  2  2
   2  2]
 [ 2  2  2  2  2  2  2  2  2  2  2  2  2  2  2  2  2  2  2  2  1  1  1  2
   1  2  2  2  2  2  2  2  2  2  1  1  2  2  2  1  1  2  1  1  2  2  2  2
   2  2]
 [ 2  2  2  2  2  2  1  2  2  2  2  2  2  2  2  2  2  2  2  2  2  2  1  2
   2  2  2  1  2  2  1  1  1  2  2  2  2  2  2  1  2  2  1  2  2  2  2  2
   2  2]
 [ 2  2  2  2  2  2  2  2  2  2  2  2  2  2  2  2  2  2  2  2  2  1  2  2
   2  2  2  2  2  2  2  2  2  2  2  2  2  2  2  2  2  2  2  2  2  2  2  2
   2  2]
 [ 2  2  2  2  2  2  2  2  2  2  2  2  2  2  2  2  2  2  2  2  2  2  2  2
   2  2  2  2  2  2  2  2  2  2  3  3  3  3  3  3  3  3  3  3  3  3  3  3
   4  4]
 [ 2  2  2  2  2  2  2  2  2  2  2  2  2  2  2  2  3  3  3  3  3  3  3  3
   3  4  3  4  4  4  4  4  4  4  4  4  5  5  5  5  5  5  6  6  6  6  6  6
   7  7]
 [ 3  3  3  3  3  3  3  3  3  3  3  4  4  4  4  4  4  5  5  5  6  6  7  7
   7  7  8  8  8  7  8  9  8  8  8  8  8  8  9  9  9  9  9 10 10 10 10  9
  11 11]
 [ 5  5  6  5  7  7  7  7  7  8  8  8  8  8  9  9  9  9  9  9 10 11 11 11
  11 10 11 11 11 10 11 11 11 11 11 11 11 11 11 11 10 11 11 11 12 12 12 12
  11 12]
 [ 9  9 11 11 11 11 11 11 11 11 11 11 11 11 12 12 12 11 12 12 12 12 13 14
  14 14 14 14 12 11 12 12 12 12 12 12 12 12 12 12 12 15 12 12 12 12 15 12
  12 12]
 [15 12 12 12 12 12 12 12 12 12 12 12 12 12 15 15 15 12 16 14 14 14 16 16
  14 14 14 16 14 14 14 17 12 12 12 12 12 12 15 12 12 12 12 12 15 12 12 12
  12 12]
 [12 15 12 15 15 15 15 12 12 12 12 15 15 15 12 13 16 14 14 14 17 18 16 14
  19 14 16 14 16 16 20 20 14 14 12 15 15 12 15 12 12 12 12 12 12 12 12 12
  12 12]
 [15 12 15 12 12 15 12 12 12 12 12 12 12 14 16 16 14 14 16 21 17 16 18 16
  16 16 16 16 18 20 14 15 22 14 14 16 12 12 15 12 12 12 12 12 12 12 12 11
  12 12]
 [12 12 12 12 12 12 15 15 15 15 12 16 14 14 14 14 14 16  1  1  8 16 20 16
  23 17 19 22 23 16  2  1  1 20 14 14 14 14 12 12 12 12 12 12 12 12 12 12
  12 12]
 [12 15 15 15 15 15 15 15 15 17 14 14 14 14 16 16 16 16  5 15  1 16 16 16
  24 24 14 22 14 14  1 21 18 16 23 20 24 14 24 17 12 12 15 12 12 12 12 12
  12 12]
 [12 15 15 15 15 15 15 15 17 14 14 24 14 14 14 14 16 16 17  1 16 16 16  3
  20 24 20 13 14 22 17  2  3 16 14 14 23 22 23 24 14 12 12 12 15 12 12 12
  12 15]
 [15 15 15 15 15 15 15 11 14 14 24 24 24 24 24 14 17 14 16 16 16 14 16 16
  14 20 24 14 24 24 20 14 14 14 24 20 23 22 22 22 24 24 15 15 15 15 15 15
  15 12]
 [15 15 15 15 15 15 15 16 14 24 24 14 24 24 24 24 24 24 16 16 16 14 14 20
  20 20 20 23 20 20 24 14 14 19 24 22 22 22 20 24 24 24 14 15 15 12 15 12
  15 12]
 [15 15 15 15 15 15 11 14 14 24 14 24 24 24 24 24 24 24 14 24 20 23 23 22
  15 21 15 18 23 23 20 20 24 24 24 24 24 23 24 24 24 24 24 15 12 15 15 15
  15 15]
 [15 15 15 15 15 15 17 14 14 14 14 14 14 24 24 24 24 20 14 14 14 14 19 19
  19 12 19 19 19 19 17 20 24 24 20 24 24 24 24 24 24 24 24 11 15 15 15 15
  15 15]
 [15 21 15 15 15 15 11 14 14 14 14 16 14 14 16 14 24 20 24 20 14 17 20 19
  23 12 23 20 19 19 20 20 20 20 24 24 24 24 24 24 20 24 24 19 21 15 15 15
  15 21]
 [21 15 15 15 15 21 15 17 14 14 16 14 14 22 20 17 24 14 24 20 20 19 19 19
  23 22 23 23 23 22 23 23 20 20 20 14 19 23 20 20 20 14 24 18 21 15 21 21
  21 21]
 [15 15 15 15 21 21 12 16 16 16 16 16 14 23 23 17 17 19 23 20 23 23 23 23
  23 23 22 22 22 23 23 23 23 19 17 13 15 18 23 20 14 14 14 22 21 21 15 15
  15 15]
 [15 15 15 12 15 21 25 25 16 16  3 16 14 20 18 12 18  4 13 19 23 23 23 23
  18 18 18 23 22 18 18 18 11  5 21 21 21 22 18 18 15 17 10 21 21 18 22 15
  15 21]
 [15 15 21 15 21 15 22 15 15 12  7 25 22 18 15 21 21 18 22 21 21 15 10 18
  18 18 18 18 18 18 10 22 22 22 22 22 22 21 22 21 21 22 21 22 15 15 15 21
  21 22]
 [12 15 21 15 21 21 18 18 18 18 18 15 25 21 21 22 22 21 22 21 22 21 18 22
  22 21 21 22 22 21 21 21 21 21 21 22 22 22 21 25 15 21 22 22 15 21 21 18
  18 21]
 [21 21 21 21 21 21 21 18 18 22 18 21 22 22 22 22 22 22 22 22 22 22 22 22
  22 22 22 22 22 22 22 22 22 22 22 22 22 22 22 22 22 22 22 22 22 22 22 21
  22 22]
 [18 21 21 21 21 21 22 22 22 18 22 18 22 22 22 22 22 22 22 22 22 22 22 22
  22 22 22 22 22 22 22 22 22 22 22 22 22 22 22 22 22 22 22 21 21 21 21 21
  21 21]
 [21 21 22 22 22 22 22 22 22 22 22 22 22 22 22 22 22 22 22 22 22 22 22 22
  22 22 22 22 22 22 22 22 22 22 22 22 22 22 22 22 22 22 22 21 21 21 21 21
  21 21]
 [22 22 22 22 22 22 22 22 22 22 22 22 22 22 22 22 22 22 22 22 22 22 22 22
  22 22 22 22 22 22 22 22 22 22 22 22 22 22 22 22 22 22 18 21 21 21 21 21
  21 21]
 [21 21 21 22 22 21 22 22 22 22 22 22 22 22 22 22 22 22 22 22 22 22 22 22
  22 22 22 22 22 22 22 22 22 22 22 22 22 22 22 22 22 18 21 21 21 21 21 21
  21 21]
 [22 22 21 21 21 21 21 22 22 22 22 22 22 22 22 22 22 22 22 22 22 22 22 22
  22 22 22 22 22 22 22 22 22 22 22 22 22 22 22 22 22 22 21 21 21 21 21 21
  21 21]
 [22 22 21 21 21 21 21 21 22 22 22 22 22 22 22 22 22 22 22 22 22 22 22 22
  22 22 22 22 22 22 22 22 22 22 22 22 22 22 22 22 22 21 21 21 21 21 21 21
  21 21]
 [22 21 22 21 22 21 22 22 22 22 22 22 22 22 22 22 22 22 22 22 22 22 22 22
  22 22 22 22 22 22 22 22 22 22 22 22 22 22 22 22 22 21 21 21 21 21 21 21
  21 21]
 [22 22 22 22 22 22 22 22 22 22 22 22 22 22 22 22 22 22 22 22 22 22 22 22
  22 22 22 22 22 22 22 22 22 22 22 22 22 22 22 22 21 21 21 21 21 21 21 21
  21 21]]